dense net 121:

crop size:448

===> DR Kappa: 0.9143
===> Confusion Matrix:
[[11442    14   224     9     9]
 [   62    32   189     2     0]
 [  519    58  4145   399    51]
 [    9     1   301  1099   107]
 [    5     1   118   266   643]]


crop size:512



multi-task rsn34

===> DR Kappa: 0.9078
===> Confusion Matrix:
[[11376     7   303     3     9]
 [   54    11   219     0     1]
 [  510    16  4349   237    60]
 [   14     0   403   949   151]
 [   10     0   150   188   685]]



===> DME Kappa: 0.7344
===> Confusion Matrix:
[[15044   359   115   107]
 [ 1126   691   336    56]
 [  217   267   536   192]
 [   84    23   141   411]]



